1 130000
-1 Nestori 0 0
-2 Laps1 1 0
-3 Laps2 1 0
-4 Laps3 1 0
-5 Laps4 1 0
-6 6597 4 5
-7 6598 4 5
-8 6599 4 3
-9 65100 2 3
-10 65101 6 7
-11 65102 8 7
-12 65103 8 7
-13 65104 6 7
-14 65105 10 13
-15 65106 12 11
-16 65107 12 11
-17 65108 12 13
-18 65109 16 17
-19 65110 14 17
-20 65111 14 15
-21 65112 16 17
-22 65113 20 21
-23 65114 18 21
-24 65115 20 21
-25 65116 20 21
-26 65117 24 23
-27 65118 22 23
-28 65119 22 25
-29 65120 22 23
-30 65121 26 29
-31 65122 26 27
-32 6697 28 29
-33 6698 28 27
-34 6699 30 31
-35 66100 30 33
-36 66101 30 33
-37 66102 30 31
-38 66103 36 37
-39 66104 34 37
-40 66105 34 37
-41 66106 36 35
-42 66107 38 39
-43 66108 38 41
-44 66109 38 41
-45 66110 38 41
-46 66111 42 43
-47 66112 44 43
-48 66113 44 45
-49 66114 42 45
-50 66115 48 47
51 Eläjä 49 50
0
0
