1 1000
-1 Metusalem 0 0
-2 6597 0 1
-3 6598 1 2
-4 6599 2 3
-5 65100 3 4
-6 65101 4 5
-7 65102 5 6
-8 65103 6 7
-9 65104 7 8
-10 65105 8 9
-11 65106 9 10
-12 65107 10 11
-13 65108 11 12
-14 65109 12 13
-15 65110 13 14
-16 65111 14 15
-17 65112 15 16
-18 65113 16 17
-19 65114 17 18
-20 65115 18 19
-21 65116 19 20
-22 65117 20 21
-23 65118 21 22
-24 65119 22 23
-25 65120 23 24
-26 65121 24 25
-27 65122 25 26
-28 6697 26 27
-29 6698 27 28
-30 6699 28 29
-31 66100 29 30
-32 66101 30 31
-33 66102 31 32
-34 66103 32 33
-35 66104 33 34
-36 66105 34 35
-37 66106 35 36
-38 66107 36 37
-39 66108 37 38
-40 66109 38 39
-41 66110 39 40
-42 66111 40 41
-43 66112 41 42
-44 66113 42 43
-45 66114 43 44
-46 66115 44 45
-47 66116 45 46
-48 66117 46 47
-49 66118 47 48
-50 66119 48 49
51 Perijä 49 50
0
0
